+201012345678
+201123456789
+201234567890
+201556789012
+966501234567
+966531234568
+966541234569
+971501234567
+971521234568
+971541234569
+97430123456
+97433123457
+96550123456
+96555123457
+97333123456
+97336123457
+962791234567
+962781234568
+96171123456
+96176123457
+212612345678
+212661234567
+213551234567
+213661234568
+21620123456
+21650123457
+905301234567
+905321234568
+447911123456
+447921234567
+4915112345678
+4915212345679
+33612345678
+33712345679
+14155550123
+16475550124
+61234567890
+819012345678
+919876543210
+628123456789
+201098765432
+201167890123
+201298765431
+201554433221
+201023456781
+966507654321
+966538765432
+966549876543
+966561234789
+966581112223
+971507654321
+971528765432
+971549876543
+971561234789
+971581112223
+97430098765
+97433111223
+97455123456
+97466123457
+96550987654
+96555111223
+96566123458
+97333098765
+97336111224
+97339123459
+962790987654
+962781112235
+962770123456
+96171098765
+96176111223
+96181123456
+212610987654
+212660123789
+212650987321
+213550987654
+213660123789
+213770987321
+21620098765
+21650012378
+21655098732
+905300987654
+905320123789
+905550987321
+447900987654
+447921112233
+447931234567
+4915109876543
+4915211122334
+4915312345678
+33610098765
+33721112233
+14155559876
+16475550987
+61234567098
+819012340987
+919812345678
+628123450987
+8801712345678
+2348012345678
+254712345678
+255712345678
+201145678901
+201276543210
+201598765432
+201034567892
+201167123456
+966502223344
+966533334455
+966544445566
+966555556677
+966566667788
+971502223344
+971523334455
+971544445566
+971555556677
+971566667788
+97430222334
+97433333445
+97466444556
+96550222334
+96555333445
+96566444556
+97333222334
+97336333445
+97339444556
+962792223344
+962783334455
+962774445566
+96171222334
+96176333445
+96181444556
+212611223344
+212662334455
+212653445566
+213551223344
+213662334455
+213773445566
+21620122334
+21650233445
+21655344556
+905301223344
+905322334455
+905553445566
+447901223344
+447922334455
+447933445566
+4915122233445
+4915233344556
+4915344455667
+33611222334
+33722333445
+14155551234
+16475552345
+61234561234
+819012356789
+919823456789
+628123467890
+8801812345678
+2348023456789
+254722345678
+255722345678
+380501234567
+358401234567
+201111223344
+201122334455
+201133445566
+201144556677
+201155667788
+201166778899
+201177889900
+201188990011
+201199001122
+201100112233
+966500112233
+966511223344
+966522334455
+966533445566
+966544556677
+966555667788
+966566778899
+966577889900
+966588990011
+966599001122
+971500112233
+971511223344
+971522334455
+971533445566
+971544556677
+971555667788
+971566778899
+971577889900
+971588990011
+971599001122
+97430011223
+97431122334
+97432233445
+97433344556
+97434455667
+97435566778
+97436677889
+96550011223
+96551122334
+96552233445
+96553344556
+96554455667
+96555566778
+96556677889
+97333001122
+97334112233
+97335223344
+97336334455
+97337445566
+97338556677
+962790011223
+962791122334
+962792233445
+962793344556
+962794455667
+962795566778
+96170011223
+96171122334
+96172233445
+96173344556
+96174455667
+96175566778
+212610011223
+212621122334
+212632233445
+212643344556
+212654455667
+212665566778
+213550011223
+213561122334
+213572233445
+213583344556
+213594455667
+21620011223
+21621122334
+21622233445
+21623344556
+21624455667
+21625566778
+905300112233
+905311223344
+905322334455
+905333445566
+905344556677
+905355667788
+447900112233
+447911223344
+447922334455
+447933445566
+447944556677
+447955667788
+4915100112233
+4915211223344
+4915322334455
+4915433445566
+4915544556677
+33610011223
+33721122334
+14155550111
+14155550222
+14155550333
+16475550444
+16475550555
+61234560011
+61234560022
+819012300111
+819012300222
+919800112233
+919811223344
+628123400111
+628123400222
+8801711001122
+8801722002233
+2348011001122
+2348022002233
+254711001122
+254722002233
+255711001122
+255722002233
+380501100112
+380502200223
+358401100112
+358402200223
+201210001234
+201220002345
+201230003456
+201240004567
+201250005678
+201260006789
+201270007890
+201280008901
+201290009012
+201300010123
+201310011234
+201320012345
+201330013456
+201340014567
+201350015678
+966600010123
+966611020234
+966622030345
+966633040456
+966644050567
+966655060678
+966666070789
+966677080890
+966688090901
+966699101012
+971600010123
+971611020234
+971622030345
+971633040456
+971644050567
+971655060678
+971666070789
+971677080890
+971688090901
+971699101012
+97440001012
+97441102023
+97442203034
+97443304045
+97444405056
+97445506067
+97446607078
+96560001012
+96561102023
+96562203034
+96563304045
+96564405056
+96565506067
+97340001012
+97341102023
+97342203034
+97343304045
+97344405056
+962700010123
+962711020234
+962722030345
+962733040456
+962744050567
+962755060678
+96180001012
+96181102023
+96182203034
+96183304045
+96184405056
+212670001012
+212681102023
+212692203034
+212603304045
+212614405056
+213580001012
+213591102023
+213602203034
+213613304045
+216260001012
+216271102023
+216282203034
+216293304045
+905360001012
+905371102023
+905382203034
+905393304045
+447960001012
+447971102023
+447982203034
+447993304045
+4915600010123
+4915711020234
+4915822030345
+4915933040456
+33620001012
+33731102023
+14155561001
+14155562002
+14155563003
+16475564004
+16475565005
+61234571001
+61234572002
+819012410001
+819012420002
+919820001012
+919831102023
+628123510001
+628123520002
+8801733001012
+8801744002023
+2348033001012
+2348044002023
+254733001012
+254744002023
+255733001012
+255744002023
+380503300101
+380504400202
+358403300101
+358404400202
+351910001012
+351921102023
+972500010123
+972511020234
+201360016789
+201370017890
+201380018901
+201390019012
+201400020123
+201410021234
+201420022345
+201430023456
+201440024567
+201450025678
+201460026789
+201470027890
+201480028901
+201490029012
+201500030123
+966700010111
+966711020222
+966722030333
+966733040444
+966744050555
+966755060666
+966766070777
+966777080888
+966788090999
+966799101000
+971700010111
+971711020222
+971722030333
+971733040444
+971744050555
+971755060666
+971766070777
+971777080888
+971788090999
+971799101000
+97450001011
+97451102022
+97452203033
+97453304044
+97454405055
+97455506066
+97456607077
+96570001011
+96571102022
+96572203033
+96573304044
+96574405055
+96575506066
+97350001011
+97351102022
+97352203033
+97353304044
+97354405055
+962760010111
+962771020222
+962782030333
+962793040444
+962704050555
+962715060666
+96185001011
+96186102022
+96187203033
+96188304044
+96189405055
+212680010111
+212691020222
+212602030333
+212613040444
+212624050555
+213590010111
+213601020222
+213612030333
+213623040444
+216270010111
+216281020222
+216292030333
+216203040444
+905380010111
+905391020222
+905302030333
+905313040444
+447980010111
+447991020222
+447902030333
+447913040444
+4916000101111
+4916110202222
+4916220303333
+4916330404444
+33630001011
+33741102022
+14155571001
+14155572002
+14155573003
+16475574004
+16475575005
+61234581001
+61234582002
+819012510001
+819012520002
+919840010111
+919851020222
+628123610001
+628123620002
+8801755001011
+8801766002022
+2348055001011
+2348066002022
+254755001011
+254766002022
+255755001011
+255766002022
+380505500101
+380506600202
+358405500101
+358406600202
+351930010111
+351941020222
+972520010111
+972531020222
+420601001011
+420602002022
+421901001011
+421902002022
+201510031234
+201520042345
+201530053456
+201540064567
+201550075678
+201560086789
+201570097890
+201580108901
+201590119012
+201600120123
+201610131234
+201620142345
+201630153456
+201640164567
+201650175678
+966800010111
+966811020222
+966822030333
+966833040444
+966844050555
+966855060666
+966866070777
+966877080888
+966888090999
+966899101000
+971800010111
+971811020222
+971822030333
+971833040444
+971844050555
+971855060666
+971866070777
+971877080888
+971888090999
+971899101000
+97460001011
+97461102022
+97462203033
+97463304044
+97464405055
+97465506066
+97466607077
+96580001011
+96581102022
+96582203033
+96583304044
+96584405055
+96585506066
+97360001011
+97361102022
+97362203033
+97363304044
+97364405055
+962770010111
+962781020222
+962792030333
+962703040444
+962714050555
+962725060666
+96186001011
+96187102022
+96188203033
+96189304044
+96180405055
+212690010111
+212601020222
+212612030333
+212623040444
+212634050555
+213600010111
+213611020222
+213622030333
+213633040444
+216280010111
+216291020222
+216202030333
+216213040444
+905400010111
+905411020222
+905422030333
+905433040444
+447990010111
+447901020222
+447912030333
+447923040444
+4916100101111
+4916210202222
+4916320303333
+4916430404444
+33640001011
+33751102022
+14155581001
+14155582002
+14155583003
+16475586004
+16475587005
+61234591001
+61234592002
+819012610001
+819012620002
+919860010111
+919871020222
+628123710001
+628123720002
+8801777001011
+8801788002022
+2348077001011
+2348088002022
+254777001011
+254788002022
+255777001011
+255788002022
+380507700101
+380508800202
+358407700101
+358408800202
+351950010111
+351961020222
+972530010111
+972541020222
+420603001011
+420604002022
+421903001011
+421904002022
+201660186789
+201670197890
+201680208901
+201690219012
+201700220123
+201710231234
+201720242345
+201730253456
+201740264567
+201750275678
+201760031234
+201770042345
+201780053456
+201790064567
+201800075678
+201810086789
+201820097890
+201830108901
+201840119012
+201850120123
+201860131234
+201870142345
+201880153456
+201890164567
+201900175678
+966900010111
+966911020222
+966922030333
+966933040444
+966944050555
+966955060666
+966966070777
+966977080888
+966988090999
+966999101000
+971900010111
+971911020222
+971922030333
+971933040444
+971944050555
+971955060666
+971966070777
+971977080888
+971988090999
+971999101000
+97470001011
+97471102022
+97472203033
+97473304044
+97474405055
+97475506066
+97476607077
+96590001011
+96591102022
+96592203033
+96593304044
+96594405055
+96595506066
+97370001011
+97371102022
+97372203033
+97373304044
+97374405055
+962780010111
+962791020222
+962702030333
+962713040444
+962724050555
+962735060666
+96187001011
+96188102022
+96189203033
+96180304044
+96181405055
+212700010111
+212711020222
+212722030333
+212733040444
+212744050555
+213610010111
+213621020222
+213632030333
+213643040444
+216290010111
+216201020222
+216212030333
+216223040444
+905420010111
+905431020222
+905442030333
+905453040444
+447900110111
+447911120222
+447922130333
+447933140444
+4916200101111
+4916310202222
+4916420303333
+4916530404444
+33650001011
+33761102022
+14155591001
+14155592002
+14155593003
+16475598004
+16475599005
+61234601001
+61234602002
+819012710001
+819012720002
+919880010111
+919891020222
+628123810001
+628123820002
+8801799001011
+8801800102022
+2348099001011
+2348100102022
+254799001011
+254800002022
+255799001011
+255800002022
+380509900101
+380510010202
+358409900101
+358410010202
+351960010111
+351971020222
+972540010111
+972551020222
+420605001011
+420606002022
+421905001011
+421906002022
+201910186789
+201920197890
+201930208901
+201940219012
+201950220123
+201960231234
+201970242345
+201980253456
+201990264567
+202000275678
+202010286789
+202020297890
+202030308901
+202040319012
+202050320123
+966910010111
+966921020222
+966932030333
+966943040444
+966954050555
+966965060666
+966976070777
+966987080888
+966998090999
+966999101001
+971910010111
+971921020222
+971932030333
+971943040444
+971954050555
+971965060666
+971976070777
+971987080888
+971998090999
+971999101001
+97480001011
+97481102022
+97482203033
+97483304044
+97484405055
+97485506066
+97486607077
+96591001011
+96592102022
+96593203033
+96594304044
+96595405055
+96596506066
+97380001011
+97381102022
+97382203033
+97383304044
+97384405055
+962790010111
+962801020222
+962812030333
+962823040444
+962834050555
+962845060666
+96188001011
+96189102022
+96180203033
+96181304044
+96182405055
+212710010111
+212721020222
+212732030333
+212743040444
+212754050555
+213620010111
+213631020222
+213642030333
+213653040444
+216300010111
+216311020222
+216322030333
+216333040444


